"","US.STOCKS","FOREIGN.STOCKS","EMERGING>MARKETS","US.10YR.GOV.BOND","REAL.ESTATE","COMMODITIES","CASH"
"1",23.8425944244851,11.0567659661014,12.795838064286,32.0652105991899,11.022979137676,7.9993284671464,NA
"2",23.6415994198223,11.1597301121445,12.795838064286,32.5499416789377,11.2202716467951,8.19366438874897,NA
"3",22.3722547259784,10.8033159732712,11.934479719583,32.5993390762889,11.2422300897546,8.08612498020129,NA
"4",23.0646249276741,10.9854820316911,12.3080801010335,32.4877877654171,11.6704001995026,8.53864374995867,NA
"5",24.30569608086,11.318136703487,12.5882819495968,33.1074667475854,11.9350251239465,8.67361968339573,NA
"6",24.6531262476164,11.3814985100473,12.4014801963961,33.9307952843899,12.245312433743,8.63058920870326,NA
"7",26.3323774610584,12.0230442366782,12.8373483497386,34.6260460839954,12.7993988468593,9.1177530273156,NA
"8",25.9991134676531,12.0569349529914,12.9117690557312,34.1241602595608,14.2470818279654,9.33592121182477,NA
"9",27.4183101575581,12.1388993045713,13.5741805255103,34.1455230837877,14.2696591571268,9.38755778145573,NA
"10",27.3890470531161,12.3438094918736,13.9842459591643,34.1790885119459,14.224504498804,9.26015815381922,NA
"11",26.1689919635735,12.3602015322129,13.5426372709947,33.7335859929398,14.2790476007235,9.47692876735547,NA
"12",27.345786082278,12.4011843996501,13.3218344893853,34.2774699393064,13.8363727211563,9.60521107139593,NA
"13",29.2874988114939,13.179843664717,13.9211578876576,34.5634374663987,14.2449968424114,9.88134167309768,NA
"14",30.5665059467947,13.8519505176951,14.4679117991963,34.9101369233557,14.9893276722699,9.45015424976905,NA
"15",32.9416070575336,14.2453774686661,14.6887161432812,35.9049963723346,15.4159475622112,9.71017600709875,NA
"16",31.717175987159,13.4011472756532,12.470161930037,35.5489548134517,15.3006454576356,9.77968677390966,NA
"17",33.5462893356353,14.3273432035405,13.1220579399939,36.0721786600726,16.7147793988553,9.9847619250936,NA
"18",32.4073703652066,13.5814680191521,10.7457890166471,36.6739671036857,16.2472349077382,10.0880350643555,NA
"19",33.4871223436452,13.4667195868938,10.5985866414157,36.7887344124771,16.5277616024085,9.59160314350173,NA
"20",34.0493223240503,13.7126112583388,10.7548294996383,37.1925281666905,16.8972276520348,9.1517360688676,NA
"21",34.1997177690748,14.1121745039043,9.88281663479748,37.8351986404126,16.6824320797494,9.10061439380561,NA
"22",36.7113077092008,14.8517875138947,11.0562669521308,37.6926778482893,16.4079710707181,8.62705850308747,NA
"23",38.5689602394327,15.5403943041865,11.4545935076802,37.7470273863959,16.8277862167405,8.65295034426995,NA
"24",38.9917959776519,15.9994641144198,11.3361703678819,37.9332907106338,16.2624486928178,8.46383692472407,NA
"25",37.9347005487199,16.0164675709473,9.91511300248313,38.304172157089,16.1181070055842,8.14526429926581,NA
"26",39.2793940357766,15.9144509816663,8.98927285816619,38.6697128974876,16.1143936883729,7.91025170671464,NA
"27",38.3863370542033,16.0929789754371,9.15075625906992,38.7568590004966,15.0017895167625,7.55078174120679,NA
"28",32.3771176969805,13.73811644313,6.76079380082241,39.996431915851,13.6202071871813,7.122168790723,NA
"29",34.539618734335,13.6105960523524,7.39596351101755,41.4528408040467,14.4335348156455,7.68914126752565,NA
"30",37.1346422849013,14.6222533004254,8.53711589818976,41.1359782018245,14.1722386577632,7.4145553495308,NA
"31",39.4261536450126,15.242847647902,9.07539650532794,40.9949537994787,14.3962063639049,6.76372861435309,NA
"32",41.9703343005839,15.687915750767,8.79620089095861,41.1538108689519,14.1364904688488,6.65854300954928,NA
"33",43.5009806116679,15.8826877723609,8.54043303358389,41.4247814288818,13.7920111985486,6.61977880414256,NA
"34",41.8784954813629,15.4223190485513,8.7294785015401,40.1562727995978,13.5751156191995,6.35173940281033,NA
"35",43.5239960808258,16.1128721342656,9.75255149351443,40.3915945599666,13.5147591930048,7.21455558766957,NA
"36",45.5598491761784,16.8831016023851,11.2537997867667,40.5070563258923,14.8055695434399,7.42779549559002,NA
"37",44.6498844429013,16.2810821340372,10.7867446233126,39.9546735469773,15.1153611434144,7.10834019372782,NA
"38",46.9538403787149,17.2018181983618,11.6430124229784,39.8510423543753,14.833614702152,7.61359887862109,NA
"39",45.4531709557859,17.5825077731772,11.2426780864674,39.6729719708529,14.4015660385854,7.73018572030923,NA
"40",45.0354635102098,17.8481030920983,11.1314751457535,39.6470621058657,14.2575518202644,8.16365339101473,NA
"41",43.9372545449629,18.1225528793918,11.0758744566343,40.0791219189148,13.6705442663696,8.54342491381339,NA
"42",46.6833325738115,18.883930645728,11.4984475063175,40.1317849182666,13.3631921595792,8.25912955537512,NA
"43",48.2968467406316,20.6899890507717,12.4325578332257,40.1021547472027,13.1627451334116,8.52996409865318,NA
"44",51.9684163263116,23.6499737810876,14.2124236249283,39.7279580946658,13.58267744721,8.77748127359362,NA
"45",49.7939371060219,22.0714617952544,13.5188579570223,39.5480606274924,13.6654159229393,9.25191984071571,NA
"46",51.0610775870927,23.7515145170456,13.996395768314,39.9433390144637,13.4585727379181,9.56078302573054,NA
"47",53.9648369271054,23.7145916190932,13.8599557240269,40.7572841126082,13.9287820448657,9.62374727587884,NA
"48",51.1543358625612,22.173003914507,12.8252907266409,40.6550666363154,14.8657577287253,9.5409963630087,NA
"49",49.4115051759938,21.7668368207913,12.1430951926317,40.7213046191735,15.0195900058219,10.3791711649244,NA
"50",51.5941949367787,22.7545603066744,12.8935115300222,41.6208250244279,15.3928384716045,10.7564417712452,NA
"51",50.5868656438882,22.4314724999406,12.2340547013313,41.880882686533,16.7430859318372,10.3076008198376,NA
"52",54.2699166028168,22.9761059941557,12.4273438526274,42.5586315128846,16.0750703801368,11.2994348724073,NA
"53",51.7355890013986,22.0345388973021,11.6541872474432,42.9407317489977,16.5479294814052,11.2055033917538,NA
"54",50.6781549307618,21.2129726020881,10.7673324282412,43.3280900176991,15.781955660292,11.1440838253124,NA
"55",45.6592638361723,20.6406483177033,9.69855859163995,44.2605806021395,16.0565488586092,11.7425384271892,NA
"56",46.4622664578074,21.5328705316049,10.2890821281413,45.3217193707107,17.1600259608925,11.5745356849711,NA
"57",48.2407234683954,21.5426850063903,11.4995631137935,45.9255994530735,17.2342442362889,11.609769184762,NA
"58",43.6993009552013,20.3943956063824,10.4985897746757,46.5065376479636,16.9373591174956,11.5312109848106,NA
"59",40.7602944887656,19.0007457200342,9.39286026857763,46.7445132266671,17.0759986396263,10.9627673806681,NA
"60",44.0879906594868,20.0312614226173,10.2658028063151,46.2029110680275,17.4661372909772,11.3813031088734,NA
"61",44.5338033387657,19.8447864016947,10.4287533716725,46.3077740953082,17.841269454083,11.0599353414693,NA
"62",43.872926,19.4816536012241,10.1959679657873,46.4922930093635,18.8953648451985,10.5612967296057,NA
"63",43.034292,19.0890759931028,9.50925375275796,47.720093222822,18.4991725254165,10.5317270700734,NA
"64",40.514511,18.9516733461072,9.41613959040388,48.2524359530042,19.1544137852215,10.5006127268342,NA
"65",36.996512,17.1360024272815,7.9495970019912,49.4172968549925,18.406588952194,9.6413272475908,NA
"66",37.756316,17.7150536730309,8.47336221213859,50.5144233843453,17.7857920142567,9.20800668961929,NA
"67",40.631874,18.4315089490703,9.26482946719736,49.341543155925,18.8101057601324,9.28215150755093,NA
"68",41.21783,18.7359665448937,9.98347755360641,48.7715591955939,19.2764455261672,9.05692191181018,NA
"69",40.85802,18.1075067846433,10.2697418069409,48.9928430010334,19.2287702585076,8.92562379672291,NA
"70",40.14231,18.4315573643793,10.544079685116,49.6241128034673,19.6101693954831,9.24765357142996,NA
"71",41.616319,19.1974917029415,11.0211862531817,48.4832520093467,20.834221152266,10.2781047166723,NA
"72",39.761213,19.6295582203932,11.0569700660862,49.7436503713836,20.962429738023,10.2585387230515,NA
"73",39.200367,19.924150159533,11.0092583155468,50.2578132058712,21.2348778647471,10.2230109977926,NA
"74",36.498169,19.3251490398788,10.1027553674794,51.1228753095089,21.83364726078,10.4486819317353,NA
"75",33.454031,17.3808510946408,9.24396104500048,52.371389,20.6810888775239,10.4976704721544,NA
"76",33.709676,17.5183256729527,9.37516523403288,53.691464,20.7135563687079,10.9904245746584,NA
"77",30.302248,16.0060928618718,8.37323878488669,55.761175,19.9785659136149,11.338346190548,NA
"78",32.572449,16.5952739735624,8.92191297876144,55.063699,18.9887115111166,11.2630244707444,NA
"79",34.526794,17.0273418743086,9.49444148543043,53.913268,19.8630835509222,11.3629875734915,NA
"80",32.776603,16.9788408010281,9.242847,55.825956,19.9982080397702,12.0957561015024,NA
"81",31.868235,16.56327422089,9.25496087221417,55.398268,19.4577160929819,13.1177482645403,NA
"82",31.376369,16.2169691985399,8.90365857800327,56.619194,19.7955228086491,13.8374237592259,NA
"83",31.612223,15.9992925858965,8.72195205726619,56.404061,20.1988593584705,12.7445232584042,NA
"84",34.335491,17.3350405292472,9.650086,56.481865,21.0177299240342,12.4889884394613,NA
"85",36.338129,18.6213149432533,10.530445,58.623042,22.1777990621676,13.0430885520397,NA
"86",36.925405,19.1556152272293,10.972449,58.21759,22.6772522443059,13.0687597241212,NA
"87",37.784136,19.590968452516,11.594744,55.295007,23.8525982578599,13.2383807064132,NA
"88",38.686802,20.3627347608732,12.520855,55.687663,24.0081580085784,13.8167544201002,NA
"89",38.279376,20.9860832477857,12.439407,58.458339,24.8257126898875,13.6278616696553,NA
"90",40.59618,22.1239439902309,13.581497,57.601132,25.2295239194171,14.0419104594739,NA
"91",41.109243,22.5098264527622,13.71419,57.996662,26.2478350699948,14.1710754399183,NA
"92",42.853132,24.1765303822095,15.07998,58.789558,27.1275667844809,15.0240350716001,NA
"93",43.97216,24.5874905915181,15.445189,59.386477,28.2891560994016,15.4151342749161,NA
"94",44.588027,25.4394810669195,16.055999,60.343709,28.7537924262302,16.5751917388049,NA
"95",44.131599,25.8003258982153,16.144313,61.126378,30.3096452990804,16.862870690125,NA
"96",43.150269,24.9282873349965,14.562079,58.469683,25.8973682259063,16.7500352231536,NA
"97",43.776222,25.0184975053495,14.732256,58.15918,27.7343156064955,17.4711818451792,NA
"98",44.665129,25.3292241920435,14.868408,58.539103,28.5096418195821,16.5914476959109,NA
"99",43.076604,24.3369054016873,14.327505,59.248415,28.6555637696418,17.2905274078378,NA
"100",43.100918,24.5073037734265,14.833452,60.924973,30.8991253934809,17.2603692973696,NA
"101",43.825744,25.3893643056122,15.868344,61.1214,30.834931,18.3342186991394,NA
"102",44.614735,26.1310992894322,16.320012,61.726025,32.583777,18.5413534285992,NA
"103",46.729565,27.7849662455169,17.943642,60.50518,33.872403,18.5922544345602,NA
"104",48.453243,28.9262589417242,18.641606,61.138693,35.577277,17.7573896691593,NA
"105",47.122672,28.4212609860611,18.695617,61.744682,32.446224,18.2476428551855,NA
"106",48.105248,29.6534568831877,20.505771,60.899776,33.475267,19.5166372985948,NA
"107",47.204737,28.9666594421587,18.883706,60.654088,32.903689,20.2826533044878,NA
"108",46.164967,28.3808618689212,18.648126,62.18042,34.802224,19.0759611039238,NA
"109",47.956824,28.5626613542871,19.237549,63.323464,36.027699,18.8274141398454,NA
"110",48.320458,29.0878581768729,20.001091,63.626377,37.684041,19.3865896417465,NA
"111",50.436052,30.1382532053391,21.537484,62.2349,40.373923,20.2137309886128,NA
"112",49.887564,31.1583485501267,21.822416,63.479906,38.736882,21.4094632904945,NA
"113",50.282501,32.2390432622715,23.710783,62.367573,39.254692,21.7033209766422,NA
"114",49.101577,31.107848616231,22.207911,61.594676,38.124779,20.6816230390723,NA
"115",51.368123,32.2087421952984,23.492895,61.97986,39.709254,20.6168934361161,NA
"116",51.377182,33.9130288541953,24.927355,62.826407,39.718881,21.8399151501532,NA
"117",53.031017,36.299657362397,28.46661,62.384651,42.713136,23.032999422823,NA
"118",53.14766,35.7472912516843,27.370656,62.320054,43.50671,21.839194,NA
"119",54.237432,37.1855205712825,27.963829,61.473827,45.558069,22.448703,NA
"120",54.756093,38.8217671214734,29.785716,61.088291,44.008613,24.024051,NA
"121",52.990981,36.987506107279,26.466772,61.023043,42.821366,23.93028,NA
"122",53.061136,36.7165325391731,26.523267,61.163158,44.945729,23.723984,NA
"123",52.998126,36.9145483864712,27.144682,62.189069,46.694745,24.249101,NA
"124",54.216375,37.8629489583691,27.574031,63.285787,48.321741,23.442672,NA
"125",55.441666,37.8421054761893,27.333941,64.050009,49.271699,22.458081,NA
"126",57.398827,39.165692877209,29.263154,64.394911,52.241685,22.68313,NA
"127",58.735939,40.4892775116396,31.014427,65.239422,54.739487,24.174084,NA
"128",59.441671,41.5404084528029,32.707751,64.407195,53.730878,23.613258,NA
"129",60.548174,41.9338879689665,32.744989,64.149378,58.448032,23.046463,NA
"130",59.564613,41.6415895321796,31.685005,65.467677,56.870995,24.218479,NA
"131",60.232285,42.951824,33.375248,65.377187,55.690964,24.381793,NA
"132",62.654861,44.646432,34.618587,65.773705,55.620781,24.564321,NA
"133",64.988024,46.129215,36.371862,64.857148,55.410227,24.506681,NA
"134",63.842431,46.438808,37.709741,64.553839,50.419023,24.689209,NA
"135",61.585851,45.901095,37.97903,66.010714,46.254745,25.159937,NA
"136",62.4919,45.811476,38.374379,67.504572,49.374405,24.679602,NA
"137",64.895777,48.630392,42.814864,67.56418,51.30853,27.004422,NA
"138",66.058925,51.726315,47.897067,68.29181,52.385536,29.300422,NA
"139",63.071656,49.159959,44.232956,71.055998,47.424134,29.117894,NA
"140",62.633622,48.168287,43.610739,71.091899,44.857071,31.070027,NA
"141",58.771612,44.437114,39.719723,73.477696,44.506739,31.975744,NA
"142",57.304482,44.338493,40.511854,74.388292,43.090816,35.539542,NA
"143",56.791802,44.297402,38.991424,75.383093,45.885381,35.214668,NA
"144",59.56636,46.919083,42.554568,73.560778,48.812517,37.341133,NA
"145",60.767227,47.584778,43.900896,72.253247,48.709553,39.920456,NA
"146",55.832445,43.598832,39.831498,73.081226,43.53884,44.084785,NA
"147",55.483984,41.996235,37.639179,73.607826,44.895239,39.772787,NA
"148",56.294163,39.851225,35.261967,74.731562,45.960977,37.17377,NA
"149",51.091977,34.879065,30.084928,74.626706,45.904111,33.363854,NA
"150",42.162261,26.940051,22.389809,73.982756,31.340125,24.995817,NA
"151",38.782976,25.115557,20.206297,79.719226,24.220461,21.904566,NA
"152",39.467928,27.247108,22.294319,83.829703,28.267921,21.190001,NA
"153",36.292143,23.706334,20.222921,80.571122,23.312309,20.25,NA
"154",32.472384,21.522856,18.955082,79.979001,18.527314,19.110001,NA
"155",35.158564,23.706334,22.151464,82.629228,19.201974,20,NA
"156",39.022629,26.842448,25.597843,80.360901,25.093847,19.98,NA
"157",41.154529,30.914338,29.678143,78.691554,25.750259,23.23,NA
"158",41.305696,30.273628,29.010537,78.253124,24.927015,22.620001,NA
"159",44.501597,33.485618,32.205926,78.903952,27.611833,23.040001,NA
"160",46.153112,34.463546,31.782877,79.506323,31.566717,22.110001,NA
"161",48.060856,36.419403,35.023271,80.400244,33.647838,22.059999,NA
"162",46.796333,35.264437,33.817124,80.289396,32.146063,23.59,NA
"163",49.459904,36.97581,36.472448,81.908911,34.256665,24.66,NA
"164",50.875992,37.49482,37.667227,78.302648,36.787123,24.620001,NA
"165",49.061895,35.336781,34.744612,80.158579,34.756183,22.690001,NA
"166",50.749638,35.801061,35.361811,80.424588,36.696676,23.629999,NA
"167",53.995467,38.208432,38.229966,79.574611,40.434881,23.52,NA
"168",55.173418,37.537808,38.166431,80.889783,43.326043,24.440001,NA
"169",50.82406,33.445277,34.581236,83.262446,41.014768,21.959999,NA
"170",47.85568,32.998193,34.097566,85.800502,38.876965,21.57,NA
"171",51.21541,36.549065,37.825276,86.580981,42.606611,22.889999,NA
"172",48.802594,35.293793,36.600979,89.486636,42.063051,22.200001,NA
"173",53.421113,39.033819,40.904289,89.483925,43.943572,24.110001,NA
"174",55.571871,40.435251,42.13772,89.477583,46.027684,25.18,NA
"175",55.855586,38.775884,40.913424,88.673936,45.175477,25.07,NA
"176",59.742796,41.926795,43.891021,85.631594,47.231275,27.549999,NA
"177",60.966545,42.260594,42.205032,85.613342,48.766696,28.530001,NA
"178",63.220814,43.420103,42.186606,85.434912,51.0613,29.719999,NA
"179",63.485412,43.323477,44.839965,85.302845,50.238875,30.51,NA
"180",65.324094,45.686415,46.065304,86.873499,53.125871,31.9,NA
"181",64.631122,44.23703,44.710983,89.050196,53.85621,30.25,NA
"182",63.468032,43.753902,44.292719,88.601,52.079354,28.959999,NA
"183",62.029792,42.717371,43.836767,91.409248,52.893909,30.280001,NA
"184",58.253259,39.098295,39.779702,95.661057,49.921659,30.16,NA
"185",53.842325,34.012269,32.661227,97.801005,44.509181,25.75,NA
"186",59.961616,37.921217,37.974496,96.542808,50.870136,27.719999,NA
"187",59.737742,36.946178,37.230077,97.102619,48.936477,27.639999,NA
"188",60.32143,36.045833,35.642285,99.032691,51.310066,26.84,NA
"189",63.379712,38.518584,39.559744,99.886344,54.583295,27.83,NA
"190",66.053373,40.564059,41.645298,98.787765,53.95519,29.32,NA
"191",68.079692,40.200421,40.348872,97.215817,56.76095,28.799999,NA
"192",67.646304,39.473138,39.663083,99.655097,58.383965,28.41,NA
"193",63.434897,34.973094,35.416822,102.514747,55.753252,25.24,NA
"194",66.000918,37.254935,37.200189,102.090038,58.82919,25.75,NA
"195",66.578545,37.436755,37.190681,103.520456,60.00703,27.25,NA
"196",68.377711,38.427675,37.34279,103.39902,59.998044,28.790001,NA
"197",70.081238,39.766077,39.291691,103.038963,58.880163,28.68,NA
"198",68.815682,40.071544,39.120568,102.630878,58.345462,27.559999,NA
"199",69.348545,40.793553,39.729003,103.635802,58.191399,28.1,NA
"200",70.245114,42.85881,42.432008,102.661243,60.357714,27.780001,NA
"201",74.050698,43.898664,42.307633,101.333686,62.614248,28.469999,NA
"202",74.999695,43.289739,41.34131,102.481297,63.375594,27.129999,NA
"203",77.961063,43.559544,40.92034,102.775236,65.195844,27.309999,NA
"204",79.212911,45.194434,41.417852,104.342828,69.586603,26.27,NA
"205",81.148451,43.700481,39.418237,101.10296,65.426936,25.860001,NA
"206",79.982575,42.123309,37.318912,98.528718,64.130243,25.129999,NA
"207",84.578163,44.104684,37.813265,98.181235,64.708829,25.93,NA
"208",82.014307,43.228307,36.853637,96.784559,60.192092,26.66,NA
"209",85.210503,46.504351,39.509579,98.571405,62.287896,25.76,NA
"210",88.846408,48.054498,41.157428,99.338073,65.103751,25.75,NA
"211",91.247664,48.217166,41.050801,98.467567,61.685171,25.51,NA
"212",93.741927,48.925166,40.883889,96.408964,61.748005,25.66,NA
"213",90.770956,46.089765,37.353007,99.362243,64.387791,24.879999,NA
"214",95.188324,48.684061,38.614736,99.717443,67.649268,26.129999,NA
"215",95.673171,48.912606,40.111202,99.157954,67.98541,26.120001,NA
"216",95.732062,49.63205,40.424192,99.909887,70.218858,26.41,NA
"217",97.744274,50.584829,41.617452,101.733619,71.903572,26.030001,NA
"218",100.306358,51.430099,42.617011,101.513108,72.719059,26.58,NA
"219",98.305555,50.672761,43.198645,101.289245,72.777364,25.32,NA
"220",102.386013,51.18421,44.421064,103.193756,74.992748,25.030001,NA
"221",100.239348,48.688953,40.970693,102.11076,70.462755,23.219999,NA
"222",102.991869,48.787833,41.552327,103.679474,77.464899,22.32,NA
"223",105.54637,48.629623,40.911542,105.015535,79.014395,20.42,NA
"224",105.505938,46.707717,39.290001,105.151458,80.518776,18.450001,NA
"225",102.619453,46.697747,39.02,109.675386,86.035807,17.4,NA
"226",108.511858,49.428844,40.740002,106.964501,82.874699,18.17,NA
"227",107.25,48.73,40.130001,107.880172,84.309998,17.07,NA
"228",107.910004,51.040001,42.880001,107.197293,79.379997,18.290001,NA
"229",109.309998,50.509998,41.119999,106.751001,79.139999,17.709999,NA
"230",109.059998,50.029999,40.240002,104.559998,77.449997,17.59,NA
